-4.880192
-2.507987
-4.369009
-2.492013
-3.857827
-2.539936
-3.410543
-2.523962
-2.899361
-2.507987
-2.388179
-2.55591
-1.908946
-2.539936
-1.525559
-2.523962
-0.9664536
-2.507987
-0.5830672
-2.571885
-4.6246
-3.115016
-4.113418
-3.067093
-3.65016
-3.035144
-3.21885
-3.051118
-2.755591
-3.051118
-2.21246
-3.003195
-1.717252
-3.035144
-1.238019
-3.067093
-0.7108627
-3.083067
-0.2795526
-3.067093
-4.576677
-3.530352
-4.113418
-3.498403
-3.554313
-3.514377
-3.07508
-3.5623
-2.595847
-3.530352
-2.116613
-3.514377
-1.669329
-3.5623
-1.190096
-3.5623
-0.5990416
-3.514377
-4.273163
-4.057508
-3.825878
-3.99361
-3.266773
-3.99361
-2.819489
-4.041533
-2.340256
-3.977636
-1.956869
-4.041533
-1.429713
-4.057508
